0 10
0.024738864450525914485 1
0.038229930360234226638 1
0.048286883877288827582 1
0.051126112493753067545 1
0.052303216842155643429 1
0.077251916778260154572 1
0.090044751308974310677 1
0.094207403209059750737 1
0.095893469611346857095 1
0.11725123839037612794 1
0.11781382830802791806 1
0.14400008788370252666 1
0.15796127711342938804 1
0.16085312099006260356 1
0.18774405481577535748 1
0.20079662547466756162 1
0.20658674993725864577 1
0.20786346191448382137 1
0.22853702692810898278 1
0.24560860566355885437 1
0.25204710816559505737 1
0.27279109045406835232 1
0.27992385809209191505 1
0.30202520774405450243 1
0.30327658687412628602 1
0.30567190388395421019 1
0.32258005643328535594 1
0.32553743889152847446 1
0.34948958150214953777 1
0.37524488641272824019 1
0.39041290928015093264 1
0.41486168010032697939 1
0.41914324649586753857 1
0.53726890189235232409 1
0.57261690196604431158 1
0.58741702532625539313 1
0.6053297897356043622 1
0.62846319650766713227 1
0.65160283143161168429 1
0.69528840784391710006 1
0.71417677646354171817 1
0.80666328345150339896 1
0.84826630141801950824 1
0.90478703394292947504 1
1.0006771895988613164 1
