0 10
0.021342857228259019126 1
0.035388124138046005152 1
0.038164314239477144242 1
0.055198672925023603564 1
0.057283036765176251204 1
0.069459991098702003609 1
0.086111947598507251889 1
0.090129699385084513508 1
0.096162127982811124172 1
0.11576388327834499781 1
0.11882017692101373707 1
0.1524805436676516246 1
0.1537175800849383267 1
0.15923750924874024992 1
0.19012827333003748387 1
0.20177084983923668227 1
0.20294410269197651897 1
0.20695089652745901621 1
0.2284005626075098494 1
0.24971114220607482093 1
0.25541652512720752766 1
0.27127222492008185029 1
0.2767590146746569113 1
0.30256419498739017815 1
0.30400633781771541075 1
0.30615655608521169517 1
0.32408435387008371897 1
0.33103653144094824512 1
0.34805637667886762943 1
0.37277864146902767173 1
0.38781763326163665173 1
0.4156875330432996396 1
0.41888407618408340927 1
0.53189332119208443395 1
0.57589116886664593054 1
0.57737076891798988498 1
0.60143715007553144591 1
0.63064723212514095518 1
0.64622173394223847431 1
0.70000192349223044896 1
0.72088502973634893678 1
0.82122251066519114104 1
0.85031159790531174458 1
0.89906674509553241581 1
1.0037052007410964816 1
