0 10
0.027868399078537359204 1
0.041581793544620736236 1
0.044801011494230567889 1
0.047053222179824119586 1
0.054636012129238131774 1
0.074803902915347192382 1
0.095237002761373382165 1
0.10089383330894065305 1
0.11051674229375504921 1
0.11664291712490947039 1
0.12133692001939190563 1
0.14493409217485000995 1
0.1553947293850457545 1
0.15997758260450256618 1
0.18726921259961004651 1
0.20795851244383029011 1
0.21179829845503569952 1
0.21769632206225394966 1
0.23406574773119326327 1
0.24413783561432542135 1
0.2495566992140851037 1
0.26054474997713444884 1
0.27970524256729728529 1
0.29249909479718388949 1
0.31016558297804680544 1
0.31345314437129312424 1
0.3211853057178600257 1
0.32170561391645580152 1
0.34193501417510308027 1
0.36214453951599145931 1
0.40368652027888629608 1
0.41449673519233615204 1
0.42592053697635473553 1
0.53692741041119129708 1
0.57930245274639979858 1
0.5852156254610707542 1
0.62013756594886770834 1
0.62718767551513232572 1
0.65526538609385409639 1
0.70466526415923014248 1
0.71782088074749861306 1
0.81335460502923673243 1
0.85493430378859047725 1
0.88851514284247146147 1
1.0013545985309326714 1
