0 10
0.018778238119893958524 1
0.039763220517718265989 1
0.041209463458769635125 1
0.051406487449920573729 1
0.054843160367446457115 1
0.07019123420892921239 1
0.09185337593305475945 1
0.09415843669219091383 1
0.094515924225702957484 1
0.11283184918480686221 1
0.11611309206591829968 1
0.14703886099427504464 1
0.15564024303402923533 1
0.15973394573048843581 1
0.18668307174215859057 1
0.20010436452248669958 1
0.2087208511308881187 1
0.208944184628566898 1
0.23157783640593501695 1
0.24968337487041439293 1
0.2520075666606622633 1
0.27137794675799559174 1
0.27916800960301207946 1
0.3032313031178738294 1
0.30367970439954261597 1
0.305881271107460051 1
0.32400396428466710086 1
0.32532923472222924355 1
0.34493704963375160233 1
0.37416852996756166938 1
0.39837879791785046901 1
0.41667300665725981457 1
0.4181560882952570779 1
0.53242770497930824725 1
0.574149968180388659 1
0.58284908930051537723 1
0.60366538440355244077 1
0.62774078963332102798 1
0.65335384256760598021 1
0.69934822888771563942 1
0.72050090538302202781 1
0.81166834899539286319 1
0.85345519851773798958 1
0.90707855740865506178 1
1.0000181688430924698 1
