0 10
0.0189459702879082037 1
0.039657949986915713714 1
0.052595502094299570461 1
0.056684328770635054873 1
0.065894298136445803027 1
0.066766876432410277031 1
0.091155686698470170248 1
0.095100532130319881396 1
0.10112555284864456484 1
0.1138496220522407093 1
0.12048061961660848362 1
0.15310867262730107341 1
0.15936877262049595205 1
0.16538286402811425146 1
0.1879754383978047283 1
0.20483810482355696569 1
0.21186919061499104311 1
0.2134581348790640376 1
0.22335301796669981833 1
0.25299873379997989131 1
0.25631735721868714739 1
0.27368384563609282623 1
0.28947596025146926646 1
0.30083618939938205905 1
0.30517997428888404832 1
0.31128630509252491754 1
0.32353353879464968879 1
0.32811111819092791952 1
0.34326643958061131556 1
0.37406137626389129869 1
0.39393563019844196615 1
0.41424623908272789619 1
0.4216033348289953131 1
0.53289949601825592485 1
0.58551775171147846244 1
0.58901507386112050835 1
0.59700709175649413485 1
0.62754293270738592536 1
0.65149869424248429972 1
0.70039666209570905497 1
0.73883299616331099546 1
0.82910450836879789893 1
0.85784078497114524264 1
0.90597220516473764285 1
0.99469513532562325864 1
