0 10
0.013263086545699992458 1
0.022524540872049508139 1
0.039103174278493066374 1
0.044393402439713638974 1
0.048050715529697425599 1
0.055849849729381360885 1
0.075127808462444628512 1
0.094265374249963049258 1
0.095272109479190986159 1
0.09945079149089006143 1
0.10459483423960767856 1
0.11390866122405007843 1
0.11599438164144845742 1
0.14704606236245262862 1
0.15600911090984351248 1
0.1623245174867277707 1
0.16260152032218197493 1
0.18516788977374143421 1
0.1962875157405497839 1
0.1976761918375095628 1
0.20634096403514481932 1
0.20842307798011416864 1
0.23077453732895542027 1
0.24579723577013293245 1
0.26110918592148069095 1
0.27272470110667867971 1
0.27534527448347256851 1
0.28817631903673496252 1
0.29789424864681884886 1
0.300778695688434905 1
0.30739418491110770404 1
0.31125031427030930287 1
0.32591046493950653895 1
0.32695499756836088334 1
0.34801809138077122174 1
0.35651971139889548912 1
0.38167200568739917399 1
0.38200878361891221768 1
0.3971215227179135665 1
0.40976654714112847877 1
0.41594902783343423724 1
0.41782684212756443509 1
0.42774637381930408209 1
0.42822585635121324099 1
0.47651626016305537181 1
0.53362809533648858373 1
0.57793232980295894397 1
0.58178792715599525476 1
0.59373367287153255845 1
0.59719478893794442076 1
0.60137686592830319476 1
0.61616151179594569331 1
0.62837887051384255788 1
0.634143161967436364 1
0.65415933628412104017 1
0.66590869241109884591 1
0.68562031105936993569 1
0.68952088400068478613 1
0.69969487682240605331 1
0.70614286287817251697 1
0.70829249828547657941 1
0.70870860079295672218 1
0.72130811745084644215 1
0.72785490165609034729 1
0.74072960291001332944 1
0.75780960937389585386 1
0.76112766050332036905 1
0.78250502457297266279 1
0.80063185065339137481 1
0.80247731463389604389 1
0.80999760041990198633 1
0.81525782161547566407 1
0.82335649824262024943 1
0.8499347218471443588 1
0.85300997913781395621 1
0.85347937017453068265 1
0.86231885397627161538 1
0.89492230591385535377 1
0.89513144341872341592 1
0.91164445492668000348 1
0.91400323872018163218 1
0.91751374990921075181 1
0.91757745792240130722 1
0.93755852943565110014 1
0.95649244886086770556 1
0.96496275371942874521 1
0.97189341883761493079 1
0.97202790470219491148 1
0.98918240283927438838 1
0.99823171177520775288 1
