0 10
0.015716382448420523898 1
0.020906369812909188916 1
0.042436634669014781929 1
0.04374515144845362441 1
0.052529453960397182177 1
0.054691291688613530297 1
0.072567538139246920426 1
0.091628418777984138588 1
0.092793623951143613948 1
0.093171039132529789861 1
0.093342669568006311764 1
0.11155941998033971907 1
0.11233579514933515753 1
0.14949509702751931361 1
0.15190064291751145809 1
0.16182963133936834055 1
0.16413520679913731759 1
0.18972353059270805065 1
0.19346093678842504748 1
0.19693461804146419891 1
0.20819284277459038091 1
0.20915601751159729194 1
0.22444397216909012238 1
0.2516005274962450633 1
0.25211355378960981222 1
0.27697159579444763366 1
0.28574382282814086986 1
0.28716158273745151508 1
0.29675075671200995542 1
0.29869212865262317891 1
0.30442367053308727609 1
0.31310002049682295056 1
0.31903716967806738936 1
0.31999175045301930798 1
0.34773018027693652909 1
0.35479496056250436897 1
0.37677595550962317272 1
0.37875133921826298344 1
0.38697901976067022867 1
0.40710594011309408913 1
0.41450732592556355227 1
0.41678540467072566766 1
0.42930974548973360738 1
0.4368279176646594486 1
0.47833368504125906018 1
0.52226232407880113229 1
0.57578864307671240308 1
0.58135304796902809166 1
0.59249410874494723434 1
0.59744721293083191682 1
0.59855202278261820936 1
0.6108539626566727998 1
0.63059882347946116798 1
0.63967195224549955324 1
0.65452201321830427716 1
0.66895198160026547729 1
0.69080564968043300933 1
0.6910905091703820613 1
0.69532161401926839694 1
0.70855376575162154484 1
0.70918989184350855748 1
0.71087796986899964846 1
0.7224669237143744871 1
0.72610111266081689418 1
0.74791627649682679291 1
0.75706125613442376565 1
0.75955202461413162673 1
0.7766859872618990801 1
0.79675189438929383545 1
0.80195624815556709741 1
0.81279920653358495031 1
0.81582952635479311088 1
0.82534393423991658789 1
0.84729429961377056291 1
0.8497810972804941132 1
0.85780097439137970028 1
0.86979187152205694744 1
0.89450436811801303794 1
0.90903189803933492907 1
0.90945119998917400839 1
0.9107265435271653109 1
0.91411289469405798691 1
0.91614353631472478234 1
0.93097303081519111601 1
0.94989791175372217946 1
0.96105155325090596552 1
0.96515421443456028694 1
0.96786485859831428158 1
0.99763636166043445641 1
1.0028931786906620793 1
