0 10
0.013983174560908834261 1
0.016096369949616624179 1
0.038826159545866191503 1
0.043462322137919458254 1
0.044250614338804068748 1
0.069256574375492332973 1
0.077349409483996406367 1
0.086491101604235662292 1
0.094635902944930710978 1
0.094912862531131056421 1
0.10511109472367734241 1
0.11771819761164563356 1
0.13060249661616929462 1
0.15063508730618049847 1
0.15351731901548137937 1
0.15456764391234537048 1
0.1603018607908352211 1
0.1642375701599732285 1
0.19129812497680931394 1
0.19765741990645929738 1
0.21070018747682683902 1
0.2223216532288294911 1
0.22954567401962533424 1
0.23732162392536590434 1
0.2517578027936212548 1
0.28925463925822691991 1
0.29283877892775878049 1
0.29417425084239212651 1
0.29790245624086225673 1
0.29921500791577032574 1
0.30598309964069270173 1
0.31099627960689452122 1
0.31594187521696048826 1
0.32057713449294888974 1
0.34704824142315882085 1
0.35116989776035861803 1
0.37388377803546635203 1
0.3800464537362993056 1
0.39542618746367796945 1
0.40010654582102339605 1
0.41427434656771133792 1
0.41787199355768089859 1
0.41902800907472459446 1
0.43349719301153821771 1
0.47848723703505291471 1
0.53396016343731733667 1
0.57309326822630457521 1
0.57389500907311552513 1
0.59450848852432025549 1
0.5953892227066205356 1
0.61348953781491499804 1
0.61886549819066871692 1
0.62814969869063908003 1
0.6310301301841342303 1
0.6472188313898595835 1
0.6592694537066338123 1
0.68320829022276008402 1
0.68369617382999192667 1
0.68849600005771127709 1
0.71242243829298024238 1
0.71245865823061726996 1
0.71856418791698906112 1
0.72573887293290861855 1
0.73240174523267720375 1
0.73452919132907834587 1
0.74160751940339786348 1
0.75625947320387709727 1
0.77372575926092557186 1
0.7993472801614316392 1
0.80699812069568388484 1
0.81038510870694691057 1
0.81240068998996939342 1
0.81574983010784607451 1
0.8425807603407715618 1
0.84371466095775715655 1
0.85890715677918083593 1
0.87133272659030547302 1
0.88650145107735800476 1
0.89013106233025163228 1
0.90788933553971562507 1
0.91182802620560343687 1
0.9145295153598445026 1
0.92062819870741785522 1
0.93716041917942793926 1
0.95573681690623102369 1
0.96143998251581375136 1
0.96624351887542847539 1
0.96954788576276129675 1
0.97306216856930793924 1
1.0009207077180966028 1
