0 10
0.011494777992873959557 1
0.019829733738462852061 1
0.041190563715918143695 1
0.043593644296052461162 1
0.05010968600276813345 1
0.056347509087893210555 1
0.072084213806280245107 1
0.092458233178921156448 1
0.092995879102955716911 1
0.095288837038710799687 1
0.10291908378675082569 1
0.1137708310929307215 1
0.11686722635373641976 1
0.14727342592534162224 1
0.15607129629409488558 1
0.15741982056669068246 1
0.15859034368252411529 1
0.18495337373909076506 1
0.19551862257873953155 1
0.19733717697593536333 1
0.20960230316015698859 1
0.21134892170920149823 1
0.23084457716965309237 1
0.25032625482765241687 1
0.25401193732237331568 1
0.26946488997952172673 1
0.27934985229844094823 1
0.28996018287709268701 1
0.30231069114503245077 1
0.3034628620774567076 1
0.30364219078487370007 1
0.31303965322960430884 1
0.32251360564149106347 1
0.32575161654306455938 1
0.34524349349004745946 1
0.35704040371932421749 1
0.37546285438786847211 1
0.38217320060474202492 1
0.39582199372222309774 1
0.40597446772258888315 1
0.41497276570970187404 1
0.41563308575337643003 1
0.42536273544761821208 1
0.43547327361219734243 1
0.4761614478017999752 1
0.53428194741575818494 1
0.57274536334054271247 1
0.58196522726307986506 1
0.59313427067276769389 1
0.59322333710519248307 1
0.60283226845716519904 1
0.61279074669258737362 1
0.62843400094814794166 1
0.63357164280082511887 1
0.65465416319847435922 1
0.66498883609032122255 1
0.68582375315909682723 1
0.6867089279197888807 1
0.69765482608483286864 1
0.70625745233394709999 1
0.70634473292860122662 1
0.7083267233207207747 1
0.71857721083940562234 1
0.72985224729867947957 1
0.73967379787304265992 1
0.75721674629634161402 1
0.76018963879336731715 1
0.7786549082984599579 1
0.8001467919525843131 1
0.80025753383767539439 1
0.81082222687916893911 1
0.81384525555404818586 1
0.82501041292376353642 1
0.85119861426178711206 1
0.85263334999146667137 1
0.85284708419687038639 1
0.86297721485103207062 1
0.89410606982058415948 1
0.89487637575478518048 1
0.90812591847952239821 1
0.91444365312528264056 1
0.9157193082523671368 1
0.91819367192155831869 1
0.93689521453753099589 1
0.95604960317649878565 1
0.95890536007121596196 1
0.96826838999736442037 1
0.969909177183927107 1
0.98802653750096203211 1
1.0007410401482192963 1
