0 10
0.010294889875640526877 1
0.014050010720869449132 1
0.038171576396791459529 1
0.044530318128521206855 1
0.049661011751950839832 1
0.061594708968353888145 1
0.067750847577819475753 1
0.086322133947044563107 1
0.087285983959480811789 1
0.093830594602853784059 1
0.10306610554376043065 1
0.10812302577918807278 1
0.11486605476004088655 1
0.15006769243791470703 1
0.1512587778418321427 1
0.15176056018829736649 1
0.16024943866699489781 1
0.1907259928483034106 1
0.19369137401994213077 1
0.2062347045384058386 1
0.21038862060785024077 1
0.2111051518857466891 1
0.2424012862474339558 1
0.24361394211634149198 1
0.25473912756361605236 1
0.27274153802662304269 1
0.27902842476430950169 1
0.29414427025657841064 1
0.29586671816618481667 1
0.29629185508855732101 1
0.29709736855483293017 1
0.31103307235953758791 1
0.311513453064623691 1
0.32574604283757502277 1
0.35127628065379301603 1
0.35960531147103569349 1
0.37639143026884097631 1
0.3822107248348986519 1
0.40235786615431839985 1
0.40456182834408693783 1
0.4170471728767163877 1
0.41858649390850910521 1
0.42532445257378614922 1
0.42625261953383969393 1
0.46327050257293728164 1
0.52382365185562906884 1
0.57260213009109239835 1
0.57287494880501366179 1
0.5759388520817271262 1
0.6012488272268293743 1
0.60482483006593390495 1
0.62108752215598050928 1
0.62583725946324608724 1
0.63405651363315518321 1
0.65387011893579061184 1
0.66417525043581060462 1
0.68356857347289423643 1
0.69375939807813691296 1
0.69738196051893508454 1
0.69995631609872277501 1
0.70872931273664607765 1
0.71837041844905791255 1
0.71845322964617186479 1
0.72346792590259278999 1
0.74015711021330932162 1
0.74874458032973656429 1
0.773945969674645462 1
0.78568444823506433661 1
0.79659319080700885518 1
0.80282609028510343308 1
0.80380350013167523038 1
0.81085164267790810211 1
0.82701732607997979763 1
0.86000895174018399114 1
0.86038332034342113186 1
0.86689697922294550736 1
0.86937712843616177238 1
0.8929973945431537441 1
0.90138691634954648535 1
0.90297670161426324409 1
0.90860744900164813753 1
0.9163366918422293228 1
0.92711159523834241192 1
0.92814649038361629607 1
0.94961998543049341848 1
0.96369115557596418675 1
0.96633505469570035729 1
0.99047203837511765823 1
0.99379156779197563854 1
0.994588448661177571 1
